HID	1	113.92	48.20	127.24	37.25	70.06	46.61	108.42	42.19	117.53	48.19	115.64	36.51	81.34	49.12	113.41	39.27
GLY	2	27.13	14.55	21.35	15.07	10.10	8.09	21.96	15.27	16.23	9.01	17.78	15.31	21.17	11.50	12.45	13.10
SER	3	52.05	25.89	47.50	22.17	30.88	11.78	51.34	23.57	38.41	7.45	45.16	22.68	37.02	22.05	32.71	25.24
PRO	4	86.06	38.89	103.16	20.29	48.52	23.68	97.72	24.27	56.47	11.75	106.53	14.50	52.90	27.61	104.09	12.91
VAL	5	59.79	27.01	64.20	22.05	49.81	35.75	56.79	22.54	102.43	10.56	52.82	17.25	67.32	31.42	53.27	17.22
ASP	6	54.68	14.99	51.22	7.86	47.13	19.02	51.10	10.08	61.67	18.53	54.10	9.70	94.33	18.56	50.20	7.27
ILE	7	21.20	12.05	18.71	7.74	12.68	11.02	13.49	5.33	3.53	2.35	18.39	9.73	18.23	18.22	12.55	6.76
CYX	8	10.50	5.20	15.07	3.72	16.44	8.29	16.07	4.04	8.41	7.34	16.89	4.78	6.72	4.80	11.73	5.95
THR	9	85.44	8.61	84.27	7.55	57.79	25.03	86.94	7.25	78.19	10.90	84.28	7.76	74.79	18.12	82.67	8.40
ALA	10	8.61	7.67	6.35	4.56	40.34	16.48	10.57	5.40	13.27	4.97	9.22	6.59	23.98	8.47	11.66	5.28
LYS	11	132.72	12.94	129.92	21.26	125.21	51.28	126.56	17.82	69.07	18.29	115.63	29.05	70.38	18.75	123.06	24.88
PRO	12	53.54	12.23	40.19	17.23	53.81	43.60	49.59	15.48	16.15	10.23	32.97	20.04	6.34	5.95	23.45	8.97
ARG	13	152.62	30.97	107.70	17.56	132.80	34.43	78.34	41.28	133.80	35.55	121.54	36.80	115.52	20.11	62.63	25.45
ASP	14	51.55	16.34	50.72	12.64	85.46	16.18	45.35	16.31	68.31	9.93	67.66	17.69	71.06	13.77	58.81	14.51
ILE	15	15.91	16.75	20.08	13.97	32.30	24.79	16.11	17.23	14.76	10.79	9.48	10.92	28.21	16.23	14.22	12.50
PRO	16	84.21	16.59	90.66	13.79	65.70	14.19	48.63	25.02	88.10	13.08	77.77	23.82	82.76	17.50	19.78	12.76
MET	17	9.56	5.61	6.89	5.10	11.38	7.43	5.29	5.48	9.37	5.58	24.21	14.32	6.04	6.40	9.53	4.93
ASN	18	98.27	11.83	82.45	13.82	11.55	6.80	17.09	9.16	98.48	10.33	84.69	24.69	64.08	36.52	25.88	15.15
PRO	19	25.89	10.16	21.38	8.11	1.99	3.70	39.74	15.83	20.65	10.21	56.96	31.13	9.92	10.88	24.73	10.39
MET	20	83.36	8.66	75.02	28.56	39.38	9.35	23.84	11.17	84.53	9.01	41.25	24.61	27.63	20.43	27.27	7.88
CYX	21	39.95	4.48	22.91	6.88	16.47	5.59	11.32	7.25	39.18	4.43	24.82	8.66	18.39	10.49	17.96	5.11
ILE	22	114.59	19.82	97.23	20.08	24.84	12.69	39.30	16.75	103.80	19.51	122.58	43.01	51.93	46.81	59.21	15.13
TYR	23	41.02	19.73	11.18	7.75	20.08	18.64	18.92	12.06	56.87	24.17	92.81	46.09	22.51	9.57	35.09	12.06
ARG	24	100.61	51.01	129.68	27.27	71.58	14.07	82.01	44.68	88.35	34.00	104.39	35.20	63.93	22.19	81.25	32.29
SER	25	7.72	8.22	17.16	7.47	10.39	7.47	8.15	5.19	24.07	14.08	12.08	9.08	15.55	7.62	13.71	5.06
PRO	26	79.94	18.44	43.65	9.31	82.08	15.20	24.68	20.95	78.20	25.53	52.35	17.35	53.99	16.60	61.28	20.26
GLU	27	112.23	28.33	14.58	6.08	99.65	23.23	15.02	7.04	109.99	20.60	17.27	11.02	115.15	32.81	31.45	15.54
LYS	28	166.90	10.09	58.42	16.85	158.19	15.84	13.33	7.78	100.57	30.53	17.07	8.27	149.30	29.78	33.76	17.60
LYS	29	88.59	26.07	89.99	14.05	61.16	29.90	78.43	26.73	34.85	15.29	54.54	20.60	83.75	29.27	45.42	22.28
ALA	30	14.17	18.83	56.99	9.72	43.49	10.62	34.38	9.57	30.65	9.45	22.18	14.41	42.43	16.19	8.03	8.30
THR	31	61.67	20.06	25.10	11.74	105.26	9.81	49.98	12.93	17.50	11.06	37.00	24.39	59.87	16.88	47.90	14.71
GLU	32	84.33	28.62	35.01	34.73	89.91	29.46	71.25	23.53	91.96	28.22	60.07	29.53	121.29	24.15	128.86	17.05
ASP	33	47.56	21.79	81.47	20.82	24.03	15.62	68.27	21.03	95.94	14.94	82.08	24.67	53.03	34.39	97.15	11.60
GLU	34	70.52	40.37	89.84	29.94	85.53	29.45	96.80	21.83	64.96	29.55	68.28	45.88	33.04	16.95	32.60	24.48
GLY	35	24.49	11.75	8.36	11.62	27.89	9.84	14.86	8.64	20.58	7.48	32.87	8.41	23.99	11.62	7.51	8.65
SER	36	55.42	22.48	44.75	18.55	21.61	11.88	68.23	19.75	18.73	10.76	72.61	18.81	34.89	12.34	55.98	11.35
GLU	37	89.30	30.13	111.19	20.00	71.80	35.58	55.13	21.37	69.28	38.52	68.98	27.56	116.48	21.22	61.53	21.30
GLN	38	130.59	28.18	76.70	30.05	127.79	18.22	137.53	19.52	125.62	20.13	35.77	19.03	126.96	19.52	126.51	21.55
LYS	39	121.29	32.13	151.09	13.39	113.72	26.78	117.35	26.55	112.49	30.03	87.73	16.81	85.45	34.85	105.23	28.77
ILE	40	26.77	19.16	44.59	47.10	23.33	13.29	74.27	32.53	17.58	8.56	5.50	4.92	44.85	28.36	14.10	14.81
PRO	41	36.78	17.95	67.42	23.24	38.70	21.52	24.69	16.08	51.08	10.69	21.55	9.34	27.38	8.50	25.63	11.07
GLU	42	138.92	10.58	92.32	31.96	142.86	5.99	134.69	17.06	129.86	18.34	88.00	11.18	133.25	14.50	85.88	24.73
ALA	43	70.55	5.10	55.44	16.40	70.59	5.04	68.43	7.47	52.73	15.87	61.97	8.05	24.66	10.77	51.08	11.15
THR	44	7.61	6.33	8.25	6.28	4.83	4.55	9.24	7.15	18.70	10.47	2.37	3.25	1.44	2.73	5.47	6.05
ASN	45	70.38	9.66	23.15	13.47	64.16	15.45	49.74	11.11	18.95	8.65	22.98	12.30	1.98	4.91	12.94	8.29
ARG	46	56.26	24.29	86.85	33.19	101.01	25.68	39.05	19.58	56.64	22.84	36.72	15.41	77.74	21.64	41.66	17.38
ARG	47	48.17	16.48	22.12	10.22	56.69	20.25	31.82	24.96	24.25	9.24	25.53	9.69	57.12	18.73	15.78	9.60
VAL	48	10.13	4.89	1.72	1.67	9.15	4.03	3.77	3.46	11.84	6.20	2.27	2.37	1.02	2.33	3.98	4.39
TRP	49	31.98	15.56	68.00	26.52	27.95	10.15	29.60	15.12	35.54	12.03	16.80	9.82	32.06	15.68	25.00	15.08
GLU	50	17.78	10.41	63.27	17.88	20.03	11.77	21.53	11.96	11.73	6.17	18.40	11.23	27.73	10.88	31.94	14.38
LEU	51	0.70	1.32	11.81	4.40	0.26	0.50	5.86	4.11	1.62	2.02	12.35	6.37	0.09	0.31	11.35	6.06
SER	52	1.46	1.41	1.13	0.93	0.42	0.69	0.91	1.09	2.38	2.33	1.08	1.93	1.38	1.35	0.65	0.84
LYS	53	53.75	23.29	62.56	20.12	35.28	16.25	37.18	18.33	40.44	17.39	30.93	15.35	28.03	13.64	48.71	15.38
ALA	54	2.98	2.90	4.16	2.80	3.40	3.01	2.24	2.34	6.10	3.55	10.75	8.33	1.48	1.10	2.50	3.26
ASN	55	5.33	3.59	5.90	2.89	1.27	1.65	7.50	3.62	1.76	2.14	7.71	4.44	1.00	1.40	5.70	2.51
SER	56	12.38	6.83	13.73	5.33	13.87	6.52	7.88	6.74	9.58	5.83	11.25	6.94	10.09	7.55	7.76	4.38
ARG	57	74.11	20.08	87.49	15.62	54.16	18.48	58.65	21.12	69.81	21.04	62.88	22.91	42.42	16.48	44.60	12.10
PHE	58	2.41	2.43	0.63	0.73	1.13	2.34	0.98	0.96	3.96	2.53	3.61	3.84	0.81	0.93	0.94	1.18
ALA	59	0.54	0.70	0.20	0.39	0.25	0.42	0.50	0.74	0.82	0.96	0.76	1.15	0.53	0.74	0.48	0.70
THR	60	9.14	7.12	4.16	3.48	3.36	2.82	5.55	4.30	8.57	8.20	5.15	4.44	8.20	9.54	7.97	6.66
THR	61	44.89	10.46	35.66	8.07	40.49	9.12	42.37	9.65	49.27	8.96	41.21	9.56	41.89	10.75	21.92	11.95
PHE	62	1.28	1.81	0.22	0.41	0.66	1.10	0.47	0.66	0.74	1.05	0.92	1.09	0.86	1.23	1.14	1.39
TYR	63	10.60	6.66	5.70	4.76	3.98	3.83	5.99	5.19	10.91	9.16	4.99	4.77	8.17	7.57	6.67	6.64
GLN	64	69.45	27.08	49.22	21.32	49.27	18.87	55.15	23.25	74.61	28.35	47.97	18.03	65.10	24.34	56.52	23.64
HID	65	51.67	8.95	53.51	8.20	52.65	9.71	50.35	10.79	52.99	9.14	47.37	9.17	49.26	9.59	50.34	10.06
LEU	66	4.67	4.24	4.25	2.77	5.90	5.28	4.76	3.15	5.08	3.82	3.28	2.63	3.81	3.71	4.76	3.28
ALA	67	9.97	7.64	10.78	6.74	7.51	4.57	9.93	5.64	18.72	14.60	9.37	6.68	11.51	8.80	6.70	6.11
ASP	68	89.42	12.55	90.86	13.08	86.48	13.16	88.03	12.92	85.60	13.23	85.26	12.53	89.48	11.64	83.36	13.98
SER	69	38.46	10.37	24.82	11.47	34.57	10.39	23.74	12.08	37.27	10.51	27.70	11.17	34.49	10.95	16.50	9.67
LYS	70	45.33	13.84	30.07	7.64	55.19	16.83	24.87	10.30	51.81	14.80	30.53	11.77	51.95	14.93	29.94	8.26
ASN	71	82.63	9.95	48.09	11.76	84.64	9.29	56.98	13.81	85.17	11.02	61.56	14.09	83.78	9.90	48.99	8.90
ASP	72	66.93	15.34	68.90	16.55	70.05	13.73	84.27	16.48	68.35	13.20	73.09	16.93	68.51	13.74	64.35	15.11
ASN	73	48.12	14.50	29.75	12.47	64.10	23.38	38.51	10.47	40.94	15.83	48.15	15.33	49.31	14.23	29.93	12.23
ASP	74	63.25	11.31	16.57	6.07	63.09	10.44	11.09	6.04	57.32	9.64	8.97	6.63	62.90	11.05	13.66	6.74
ASN	75	18.72	6.16	29.85	9.86	21.50	8.27	39.58	13.99	23.38	8.54	20.21	15.41	20.39	8.10	30.21	10.87
ILE	76	3.01	3.42	1.07	1.26	3.68	4.12	1.24	1.67	6.77	4.86	1.63	2.09	4.49	5.14	2.02	2.06
PHE	77	1.30	1.39	0.89	1.12	1.77	1.80	0.89	1.03	2.08	1.78	2.33	2.36	1.71	1.65	1.01	1.11
LEU	78	1.67	2.55	0.17	0.42	2.25	3.10	0.58	1.03	0.85	1.32	0.68	0.99	1.26	1.80	0.74	1.01
SER	79	1.06	1.09	0.00	0.02	0.30	0.56	0.01	0.06	0.52	0.68	0.00	0.01	0.51	0.61	0.00	0.03
PRO	80	0.58	0.86	0.23	0.46	0.29	0.60	0.20	0.44	0.42	0.71	1.24	1.59	0.43	0.73	0.62	0.75
LEU	81	7.26	3.89	9.40	3.77	3.86	4.08	6.52	4.71	6.56	3.56	6.12	3.97	5.92	3.52	5.98	3.45
SER	82	10.34	4.79	0.41	0.54	4.97	4.05	0.42	0.60	5.70	3.65	0.71	0.66	8.15	3.92	0.32	0.47
ILE	83	0.62	0.88	0.03	0.12	1.19	1.41	0.08	0.23	1.93	1.68	0.63	1.18	0.70	0.95	0.54	0.78
SER	84	2.28	1.98	6.03	3.13	1.23	1.18	7.30	3.76	0.60	1.08	5.62	4.53	0.88	0.78	5.51	3.07
THR	85	12.57	10.58	12.62	4.14	13.25	5.43	7.91	4.17	2.70	4.36	8.88	5.98	18.72	5.73	9.26	4.80
ALA	86	1.33	1.50	0.07	0.26	1.02	1.16	0.07	0.32	7.53	5.19	0.34	0.76	1.80	2.00	0.55	0.97
PHE	87	2.86	2.65	0.26	0.43	2.14	2.23	0.33	0.51	10.24	5.78	4.78	5.93	3.34	2.56	7.83	4.04
ALA	88	6.85	6.48	6.14	3.66	0.58	0.77	6.29	4.26	2.30	2.34	8.81	5.60	0.40	0.62	6.40	4.78
MET	89	5.99	4.96	0.37	0.72	5.48	3.05	1.07	1.34	10.00	5.44	1.22	1.33	10.21	4.32	1.71	1.68
THR	90	6.07	6.38	0.94	1.43	5.41	4.43	1.03	1.49	16.77	6.56	2.55	2.45	13.84	6.59	3.89	3.12
LYS	91	9.81	4.97	14.90	6.89	3.18	3.48	25.10	10.92	13.19	6.69	26.03	11.27	2.72	2.35	22.72	8.71
LEU	92	5.29	3.76	5.18	3.71	0.26	0.72	12.96	7.37	2.76	2.84	9.07	7.26	4.63	4.61	7.50	4.57
GLY	93	0.36	0.58	1.01	1.65	0.03	0.13	0.26	0.56	0.18	0.38	0.79	1.37	0.50	0.91	0.34	0.52
ALA	94	0.02	0.09	0.01	0.07	0.03	0.13	0.04	0.20	0.06	0.23	0.03	0.20	0.11	0.30	0.03	0.15
CYX	95	5.67	2.87	18.12	5.14	2.21	1.82	2.09	2.90	4.57	3.01	7.50	6.87	1.17	1.95	6.96	3.96
ASN	96	85.55	6.59	77.27	8.37	23.02	6.91	23.61	8.37	85.18	6.70	61.67	13.32	23.70	7.68	20.98	9.72
ASP	97	80.01	9.03	77.28	13.21	64.49	13.37	66.79	18.36	77.61	8.86	81.02	12.04	76.58	12.36	45.90	17.77
THR	98	0.17	0.31	0.24	0.40	0.20	0.32	0.20	0.32	0.38	0.57	0.27	0.59	0.37	0.58	0.91	1.46
LEU	99	6.83	3.77	9.11	4.10	1.04	1.47	13.25	5.32	4.05	2.52	22.35	8.78	5.37	2.23	4.34	3.78
GLN	100	74.79	12.16	43.67	17.18	52.34	14.16	53.47	23.35	76.75	16.37	65.82	18.59	82.79	24.28	35.69	17.55
GLN	101	32.36	6.76	30.57	6.74	35.10	6.41	31.22	6.60	34.51	6.31	31.72	7.35	34.45	5.74	27.98	6.62
LEU	102	0.44	0.72	0.72	0.74	0.30	0.76	1.26	1.53	2.33	2.25	1.39	1.90	0.90	1.51	4.06	2.77
MET	103	4.95	3.90	8.55	6.18	1.44	2.23	7.22	4.57	14.50	11.80	14.27	14.49	0.56	0.74	14.23	6.47
GLU	104	73.52	15.76	66.04	16.81	85.22	12.43	75.63	13.87	84.40	13.24	68.32	16.06	82.51	12.16	81.82	14.41
VAL	105	8.48	4.47	9.60	4.72	6.00	3.56	4.60	3.78	4.67	3.44	6.47	5.28	4.83	3.23	3.36	3.50
PHE	106	1.73	1.69	2.04	1.40	0.09	0.23	2.71	2.55	2.74	2.71	16.58	13.94	0.09	0.20	12.62	6.11
LYS	107	55.04	14.09	56.95	14.13	60.27	12.98	42.93	9.65	78.02	24.42	82.68	24.70	45.61	10.25	91.28	18.73
PHE	108	6.15	4.38	14.36	6.57	1.17	1.35	20.00	8.15	8.41	6.20	18.10	9.57	0.86	0.93	34.32	10.99
ASP	109	11.02	8.27	41.25	9.11	20.70	11.85	27.38	11.28	35.82	19.20	32.95	18.20	8.49	7.44	75.66	13.49
THR	110	36.45	19.07	49.69	17.05	33.28	12.89	53.11	11.97	37.47	20.22	57.96	24.06	17.11	12.82	48.90	11.60
ILE	111	4.46	3.82	115.02	12.02	7.51	3.95	8.26	6.27	3.47	4.38	46.03	22.31	3.40	2.19	89.27	19.07
SER	112	6.84	9.24	33.33	7.90	30.86	12.96	27.88	15.40	8.51	4.92	35.28	10.95	46.78	11.14	63.17	6.66
GLU	113	86.25	20.11	114.62	11.87	93.40	14.19	81.24	30.52	41.26	21.20	92.68	16.68	64.72	21.10	81.43	11.37
LYS	114	118.34	17.08	124.30	10.06	98.69	30.75	99.24	27.07	29.45	20.64	79.16	28.07	95.28	45.77	101.53	19.99
THR	115	0.22	1.08	51.07	12.05	0.14	0.82	37.08	16.94	0.15	0.41	27.62	13.99	3.00	3.73	13.87	7.89
SER	116	13.63	7.84	3.90	5.08	2.15	3.30	9.61	6.65	9.72	5.85	11.50	5.17	3.02	1.38	28.83	10.95
ASP	117	65.96	15.96	34.56	12.06	10.71	10.89	20.29	16.69	62.99	16.84	45.07	18.08	26.89	17.14	50.72	17.66
GLN	118	36.55	19.15	7.98	4.77	24.71	15.50	27.77	19.12	33.08	13.04	19.44	10.70	22.49	14.75	6.70	8.95
ILE	119	5.33	4.14	17.93	9.62	0.24	1.34	14.03	6.69	0.88	1.22	21.33	10.01	0.08	0.21	32.60	12.74
HID	120	14.31	8.52	12.60	6.57	3.28	2.61	21.94	11.29	5.58	4.03	26.47	11.64	2.10	2.14	21.30	12.43
PHE	121	9.14	7.47	5.28	3.32	31.10	21.47	9.17	6.13	5.17	2.89	14.12	11.23	3.22	3.12	11.83	6.58
PHE	122	17.28	7.50	8.08	8.84	16.44	9.68	15.27	8.76	10.71	6.95	17.31	6.61	3.78	3.12	8.47	4.26
PHE	123	6.66	6.02	12.72	5.90	3.06	1.81	19.76	8.15	2.85	2.17	16.31	7.44	2.68	1.89	21.11	7.41
ALA	124	6.74	5.80	1.15	0.99	8.97	4.25	2.23	1.67	1.76	2.77	2.40	1.86	8.22	4.37	4.16	3.03
LYS	125	48.92	11.55	53.94	12.11	58.42	19.55	54.99	15.38	14.35	9.05	51.64	16.02	13.09	14.30	43.41	23.30
LEU	126	0.99	1.34	15.23	6.45	0.48	1.18	5.86	4.78	12.17	7.19	6.15	6.17	1.16	1.51	8.66	5.31
ASN	127	29.35	12.90	23.03	4.69	21.76	13.60	23.72	6.49	27.83	12.87	24.30	8.25	37.20	13.13	20.80	7.37
CYX	128	19.18	7.41	10.93	2.71	17.17	10.16	12.60	3.02	24.56	6.39	14.13	3.89	17.20	11.38	12.44	4.97
ARG	129	58.47	12.45	44.87	18.43	51.77	11.49	63.70	23.92	62.56	16.68	54.62	21.20	7.79	10.21	54.03	16.53
LEU	130	1.89	2.73	2.25	1.92	2.42	3.87	2.96	1.86	10.21	5.16	1.32	1.65	9.12	5.55	1.90	1.96
TYR	131	76.04	22.29	25.83	5.53	33.21	17.55	23.33	6.02	96.99	26.66	27.14	6.63	60.84	19.57	26.53	8.75
ARG	132	118.89	12.30	124.03	8.86	106.68	36.97	121.68	12.55	121.49	18.57	123.52	12.42	56.03	25.44	116.03	20.06
LYS	133	51.24	8.24	20.97	5.38	42.61	10.36	86.76	25.28	26.09	14.34	25.44	10.87	10.18	8.13	28.51	10.00
ALA	134	2.70	2.08	76.74	5.66	1.35	1.44	56.90	12.49	2.33	1.93	70.32	9.39	1.14	1.40	63.38	8.46
ASN	135	71.64	13.27	63.10	18.39	6.39	5.05	49.59	12.18	32.01	13.06	102.17	30.03	28.29	18.99	14.49	12.57
LYS	136	133.91	15.79	171.96	8.24	105.74	26.13	39.62	20.92	75.60	19.84	133.65	36.25	94.39	39.56	152.18	22.07
SER	137	2.05	2.45	3.14	2.24	37.27	9.91	27.32	13.77	34.16	8.82	8.06	8.49	7.25	11.95	19.54	15.08
SER	138	0.20	0.65	8.23	2.91	3.70	2.32	1.86	2.39	7.70	2.93	9.41	2.71	1.20	2.24	5.12	4.52
LYS	139	78.20	16.87	116.91	16.20	58.49	17.45	50.75	26.44	67.78	17.50	119.90	16.28	57.66	22.90	110.12	16.79
LEU	140	5.64	6.39	3.09	1.80	4.64	4.87	4.89	4.48	9.32	4.75	3.45	2.68	5.99	5.07	2.35	2.13
VAL	141	36.78	7.49	63.25	9.19	16.08	9.55	50.00	15.60	28.82	9.12	66.20	9.05	20.97	10.32	60.75	13.48
SER	142	14.43	9.07	4.56	1.67	12.29	10.83	5.76	2.26	21.39	7.94	5.46	1.95	18.47	7.24	5.22	2.55
ALA	143	1.49	1.77	25.10	4.68	3.66	3.21	24.69	4.36	1.36	1.78	25.39	4.80	1.61	2.46	25.52	5.79
ASN	144	22.00	10.99	7.24	2.40	16.29	7.35	9.86	3.65	10.35	6.45	8.60	3.59	21.94	6.93	8.63	3.79
ARG	145	42.00	8.96	55.91	7.59	26.30	14.64	54.43	8.31	39.49	7.41	55.40	7.26	12.69	9.20	42.08	17.56
LEU	146	7.24	5.07	1.10	1.23	9.16	5.27	1.35	1.38	17.56	7.02	1.59	1.55	18.13	6.97	1.55	1.31
PHE	147	3.01	2.77	1.44	2.09	2.01	1.97	1.34	2.12	0.90	1.53	1.32	1.97	1.98	2.08	1.30	2.03
GLY	148	0.03	0.17	0.09	0.25	0.03	0.13	0.08	0.29	0.02	0.09	0.14	0.43	0.05	0.21	0.05	0.19
ASP	149	19.83	10.51	10.01	8.29	16.08	9.79	12.41	9.41	13.98	8.62	11.35	9.80	18.02	10.51	8.93	7.88
LYS	150	105.93	13.97	110.49	8.22	110.41	9.24	108.39	12.81	107.90	12.02	109.99	10.49	107.59	12.18	97.58	22.45
SER	151	57.81	9.05	52.80	8.85	57.03	8.87	54.80	9.93	47.63	11.84	55.37	10.04	55.49	12.79	53.07	10.26
LEU	152	18.72	12.80	40.72	13.03	13.82	11.49	32.08	14.24	2.97	6.05	28.80	12.27	19.14	12.57	18.54	11.37
THR	153	74.67	11.23	88.77	7.75	78.74	10.69	87.56	10.92	75.56	8.37	87.52	9.59	69.08	14.87	86.59	14.51
PHE	154	12.42	5.25	6.30	3.13	12.27	4.53	7.54	3.56	13.51	5.47	7.87	4.27	10.10	4.35	7.13	3.34
ASN	155	39.89	7.44	34.67	8.71	5.99	4.09	4.03	3.86	38.12	8.42	33.53	7.71	7.01	3.75	6.41	5.46
GLU	156	127.96	9.48	117.65	12.60	125.31	11.79	112.03	12.51	126.70	9.36	117.56	14.35	110.81	15.88	112.43	11.75
THR	157	84.13	10.43	76.79	13.81	42.56	10.16	39.06	9.36	78.66	14.14	57.89	18.66	58.16	11.28	31.22	12.09
TYR	158	8.31	3.83	6.31	3.87	3.51	2.43	3.14	2.38	11.24	4.96	4.09	3.36	10.61	5.90	3.86	2.19
GLN	159	25.33	9.28	45.84	10.16	22.33	6.47	46.66	10.81	29.76	7.91	47.70	13.53	25.83	6.67	44.31	11.86
ASP	160	64.70	22.55	52.12	21.85	66.09	16.92	46.98	19.77	75.70	17.50	44.29	16.50	82.34	12.29	37.64	19.46
ILE	161	16.99	8.20	21.72	10.93	2.74	3.14	10.36	5.39	22.00	12.60	13.67	10.86	16.76	6.47	7.70	5.29
SER	162	1.45	1.63	0.38	0.75	2.34	1.68	1.10	1.31	1.23	2.09	1.34	1.37	4.10	2.49	1.54	1.48
GLU	163	71.29	16.59	55.99	20.70	54.27	20.71	49.48	21.35	69.00	10.61	46.75	20.70	58.11	23.85	46.82	19.95
LEU	164	41.71	22.87	29.23	14.26	29.67	19.88	22.92	12.51	14.65	15.08	20.57	12.57	71.54	21.60	22.90	15.80
VAL	165	6.26	6.90	0.36	0.57	2.69	2.47	0.91	1.47	1.06	1.91	1.14	1.94	4.54	4.55	0.87	1.54
TYR	166	9.88	6.15	7.96	3.47	11.77	4.33	9.95	5.64	15.46	7.83	6.69	4.83	18.45	6.81	8.12	4.66
GLY	167	23.92	8.67	26.50	3.70	9.27	9.97	27.64	3.41	20.39	5.25	26.38	4.65	17.08	10.74	26.77	4.70
ALA	168	8.65	6.16	0.02	0.12	7.35	5.88	0.03	0.11	5.35	4.19	0.06	0.20	6.46	5.39	0.07	0.22
LYS	169	81.84	14.65	106.77	11.24	75.60	16.09	100.20	16.35	75.48	13.22	103.19	11.79	71.03	17.06	95.71	18.16
LEU	170	1.59	1.51	23.45	9.86	2.87	2.18	20.03	8.67	2.76	2.14	23.32	11.31	3.03	2.50	20.83	9.38
GLN	171	55.13	9.13	57.09	9.20	47.05	15.25	56.26	10.33	51.30	9.60	55.97	9.35	38.48	17.64	36.65	22.47
PRO	172	55.62	8.33	64.95	8.37	52.26	9.49	65.99	8.22	58.92	8.23	66.78	8.72	51.49	11.46	55.20	16.82
LEU	173	24.55	6.63	21.79	5.61	21.62	6.08	20.87	5.63	21.45	6.18	21.73	6.01	20.30	6.39	18.76	7.06
ASP	174	47.25	10.60	44.78	9.05	46.53	8.58	45.64	10.33	44.41	9.60	43.63	10.22	46.36	9.72	43.66	12.59
PHE	175	1.08	0.83	0.91	0.63	1.47	2.09	0.91	0.75	1.39	1.44	0.85	0.78	1.34	1.57	0.69	0.74
LYS	176	110.92	22.08	98.52	18.73	107.91	22.05	100.91	19.54	119.52	23.73	98.76	20.64	105.77	22.92	92.39	21.51
GLU	177	114.07	8.20	116.01	5.76	115.19	7.04	115.07	6.60	114.31	7.68	115.22	6.78	112.90	11.94	106.50	17.79
ASN	178	66.35	7.85	64.91	7.81	65.20	7.52	65.56	7.85	66.61	7.85	64.59	7.79	65.48	7.70	62.82	9.69
ALA	179	12.66	6.21	15.99	5.27	11.71	5.64	16.18	5.54	14.34	7.40	16.84	6.37	12.43	6.79	19.30	6.33
GLU	180	87.83	9.32	86.59	11.92	85.00	8.45	87.19	11.99	85.11	11.53	90.54	11.76	86.47	9.04	85.65	10.58
GLN	181	113.95	8.67	114.65	8.42	113.44	10.73	114.25	8.31	113.80	8.66	113.96	9.15	108.77	16.57	92.61	32.63
SER	182	4.57	2.44	4.49	2.34	4.69	2.43	4.26	2.39	4.68	2.33	3.96	2.38	4.77	2.19	3.81	2.22
ARG	183	41.13	7.53	41.96	8.03	40.78	7.54	43.14	8.90	43.61	9.35	44.79	11.61	41.02	6.82	54.15	9.35
ALA	184	38.25	9.60	40.59	9.04	38.70	8.97	38.80	9.32	38.53	9.47	41.06	9.19	37.26	8.26	36.02	9.07
ALA	185	33.18	5.81	28.55	5.98	28.63	7.17	27.14	5.95	29.58	5.95	27.36	6.52	27.94	6.95	23.54	8.61
ILE	186	0.12	0.33	0.10	0.29	0.27	0.65	0.12	0.37	0.23	0.73	0.62	1.42	0.17	0.49	0.04	0.23
ASN	187	14.72	3.68	14.01	4.77	15.62	5.71	13.47	4.21	16.62	6.95	16.65	8.03	14.40	3.54	11.89	2.71
LYS	188	133.28	9.24	138.68	9.82	108.33	20.68	131.46	17.27	133.79	9.34	138.52	9.71	84.53	16.39	106.08	28.18
TRP	189	46.56	10.17	32.58	6.60	22.92	11.84	30.48	7.77	41.77	9.16	33.40	7.19	22.10	11.08	21.46	10.35
VAL	190	0.09	0.28	0.04	0.14	0.20	0.54	0.04	0.15	0.10	0.44	0.16	0.39	0.11	0.29	0.03	0.19
SER	191	25.54	5.16	23.85	4.88	21.60	6.70	20.22	7.65	25.54	4.68	23.67	5.10	21.67	5.06	20.24	6.12
ASN	192	95.93	10.97	91.13	8.60	22.82	13.01	30.38	17.67	97.40	10.78	90.68	8.69	15.21	8.73	34.83	14.79
LYS	193	90.27	11.25	74.94	7.85	51.82	22.07	55.72	12.71	84.17	10.98	75.42	8.12	55.16	22.31	69.44	12.90
THR	194	0.07	0.26	0.07	0.17	0.28	0.70	0.05	0.13	0.47	0.96	0.06	0.15	0.15	0.52	0.07	0.16
GLU	195	123.34	10.50	93.23	9.48	76.98	38.32	50.68	26.02	120.21	15.56	92.81	10.43	31.13	21.17	84.32	17.58
GLY	196	20.42	4.13	21.19	4.00	17.88	4.69	15.90	6.81	20.20	4.10	21.33	3.92	16.58	5.32	18.77	4.70
ARG	197	65.44	8.61	68.13	11.72	65.37	14.60	60.25	16.24	65.64	14.14	70.60	11.42	53.44	19.25	64.82	12.03
ILE	198	2.32	2.32	2.30	2.24	2.44	2.50	3.04	2.56	4.57	2.99	2.20	2.59	3.19	2.65	2.42	2.97
THR	199	69.22	9.99	74.49	9.39	68.95	10.47	73.10	11.02	71.18	10.42	71.36	10.60	74.37	11.58	73.89	10.26
ASP	200	66.71	8.48	54.60	9.96	68.64	9.49	55.18	10.34	67.11	10.40	59.55	12.89	64.08	8.45	51.24	7.81
VAL	201	2.10	2.04	0.23	0.81	1.59	1.59	0.54	1.33	2.14	2.13	0.98	1.62	1.78	1.91	1.42	1.73
ILE	202	0.13	0.54	0.30	0.49	1.16	2.72	0.27	0.56	0.91	2.59	0.79	1.22	0.55	1.98	0.25	0.53
PRO	203	76.16	8.24	50.54	7.85	72.28	11.82	51.75	8.75	73.60	12.03	47.44	10.17	78.12	8.29	49.67	7.54
SER	204	55.79	8.38	44.12	7.55	52.23	8.57	45.89	8.30	48.79	12.26	49.78	8.31	54.28	8.25	48.36	9.13
GLU	205	133.97	8.26	84.58	15.86	134.67	8.44	89.68	14.13	135.16	8.62	75.36	18.04	133.05	8.92	100.25	13.67
ALA	206	22.05	5.94	0.40	1.71	24.86	7.88	1.21	2.84	24.79	8.55	1.16	2.58	24.65	6.81	0.98	2.28
ILE	207	3.13	3.21	0.48	0.67	10.05	9.66	0.70	1.00	4.95	4.63	0.63	0.88	5.87	6.13	2.05	1.18
ASN	208	76.45	10.15	3.00	3.57	73.51	10.96	5.88	8.07	73.98	11.40	3.77	4.14	75.64	10.54	21.96	10.84
GLU	209	92.92	11.22	69.50	7.20	93.38	10.32	73.55	11.77	93.63	11.79	73.64	9.46	94.14	11.58	91.56	10.86
LEU	210	125.74	9.71	92.57	7.64	125.98	10.51	96.51	12.34	120.36	11.39	92.61	10.37	126.81	10.61	107.16	13.54
THR	211	3.37	2.05	0.00	0.04	5.70	2.78	0.00	0.03	2.84	2.48	0.02	0.12	4.21	2.70	0.01	0.14
VAL	212	21.84	9.04	16.47	7.64	22.48	8.03	12.46	9.09	4.77	6.46	14.50	9.18	25.59	6.65	5.27	7.25
LEU	213	1.85	2.19	0.74	0.90	1.72	1.71	0.81	1.01	0.99	1.51	0.92	1.21	2.73	2.22	0.57	0.83
VAL	214	0.26	0.80	0.04	0.12	1.54	1.89	0.04	0.14	1.02	1.97	0.07	0.20	0.70	1.48	0.01	0.13
LEU	215	4.10	4.14	0.83	1.26	3.76	2.93	0.82	1.29	23.12	10.06	1.89	1.85	6.66	3.67	1.73	1.81
VAL	216	0.13	0.37	0.01	0.08	0.18	0.44	0.01	0.07	0.24	0.59	0.09	0.26	0.17	0.36	0.05	0.14
ASN	217	1.26	1.40	1.18	0.95	2.83	1.85	1.52	1.25	2.81	2.71	1.73	1.13	1.55	2.07	1.12	0.96
THR	218	0.01	0.04	0.53	0.52	0.04	0.12	0.49	0.50	0.08	0.25	0.51	0.52	0.05	0.18	0.70	0.63
ILE	219	10.46	5.94	1.02	0.81	3.96	4.27	1.11	0.78	9.23	4.51	1.43	0.83	8.76	4.10	1.01	0.76
TYR	220	2.97	2.98	15.52	6.54	5.14	4.86	10.25	6.61	8.18	5.86	15.62	6.71	8.65	6.14	17.44	7.05
PHE	221	1.53	1.41	0.42	0.70	2.03	1.68	0.49	0.69	3.04	2.09	0.45	0.68	2.52	1.93	0.63	1.03
LYS	222	3.13	2.85	90.26	11.62	11.47	6.12	66.75	20.15	15.34	10.29	79.19	15.37	18.68	8.08	90.87	12.04
GLY	223	0.66	0.79	2.56	2.37	0.89	1.18	0.75	1.32	0.68	1.10	2.30	2.13	0.88	1.03	2.30	2.29
LEU	224	46.46	8.90	82.52	11.41	38.37	12.63	58.97	20.15	38.86	13.18	82.69	11.12	29.63	18.84	79.81	12.65
TRP	225	6.77	2.53	4.01	1.60	9.81	3.76	4.16	1.74	9.67	3.67	4.37	1.73	7.53	3.66	4.27	1.69
LYS	226	93.38	14.38	85.79	9.55	96.41	14.14	86.75	10.06	38.35	10.37	11.54	7.66	52.37	11.69	66.87	22.47
SER	227	41.28	15.50	42.44	11.23	37.65	14.36	44.80	11.84	18.74	14.59	5.11	4.97	24.47	18.54	35.92	13.36
LYS	228	111.46	33.44	99.10	28.08	98.19	38.39	92.63	24.17	80.05	30.92	67.90	21.32	66.28	29.36	92.31	22.88
PHE	229	2.35	2.22	2.18	1.80	2.74	2.13	2.55	2.03	2.88	2.01	2.44	1.58	2.25	3.25	2.01	1.85
SER	230	22.02	13.35	38.50	7.16	4.46	6.54	37.86	8.70	4.68	6.76	31.19	11.30	6.20	6.52	36.24	8.93
PRO	231	30.30	16.41	77.65	8.15	32.91	11.21	78.79	12.50	33.70	13.27	70.98	9.98	43.72	16.97	80.19	9.84
GLU	232	96.25	25.19	131.18	8.66	80.29	16.72	131.17	8.32	87.07	17.90	121.65	26.90	99.64	19.42	130.62	8.67
ASN	233	32.72	16.93	64.87	10.28	13.49	12.79	68.27	10.46	20.97	13.86	61.76	13.52	30.74	14.69	67.17	11.06
THR	234	4.41	5.24	12.65	5.23	8.30	6.17	13.36	8.22	9.52	8.19	8.09	5.04	9.91	8.78	16.29	13.89
ARG	235	103.53	33.44	123.01	22.29	125.70	26.84	126.82	19.80	132.69	25.01	131.32	18.08	133.92	23.66	129.92	20.72
LYS	236	111.03	20.52	133.68	17.53	124.30	14.69	133.68	16.53	124.36	16.35	125.89	14.75	126.02	15.12	133.96	16.04
GLU	237	56.38	16.53	63.94	15.97	61.25	14.72	64.02	17.55	62.24	15.67	61.65	19.16	59.53	19.37	63.83	15.75
LEU	238	84.59	10.36	94.92	16.37	81.17	9.84	97.40	16.03	84.04	10.35	98.46	13.22	82.55	10.16	99.39	14.59
PHE	239	0.82	1.51	35.29	14.11	0.48	1.16	43.56	15.29	0.30	0.73	53.00	23.14	0.85	1.46	36.51	15.99
TYR	240	115.62	11.72	135.98	17.27	93.96	13.23	108.21	26.60	112.38	12.19	116.79	21.57	108.47	13.77	127.51	27.10
LYS	241	37.44	11.09	52.72	17.81	48.72	11.75	74.29	19.24	37.99	11.12	81.04	28.21	36.59	11.30	53.05	18.14
ALA	242	22.16	10.28	36.23	16.49	34.94	12.43	24.14	14.18	25.10	11.77	52.54	16.71	22.75	11.56	33.02	18.17
ASP	243	77.59	16.60	81.31	18.56	107.74	17.94	94.98	19.16	85.31	13.70	103.63	16.90	75.07	16.67	84.07	21.32
GLY	244	31.45	5.22	24.33	7.92	37.20	6.06	33.41	6.19	29.98	6.08	12.87	11.55	30.74	5.31	28.54	6.78
GLU	245	127.72	15.89	133.02	15.24	97.13	14.95	99.52	11.25	134.06	11.14	93.34	26.20	124.86	17.26	130.32	16.98
SER	246	24.48	13.76	28.99	10.24	26.79	9.25	38.13	11.75	20.57	10.04	36.77	11.47	24.92	12.12	30.90	10.72
CYX	247	22.18	6.90	28.23	9.32	25.00	6.01	25.68	6.04	23.77	7.16	12.36	11.49	23.35	6.35	28.58	9.61
SER	248	43.55	8.16	42.05	12.79	43.50	8.21	43.08	12.01	42.88	8.69	37.63	10.42	42.66	8.89	40.98	12.94
ALA	249	4.06	3.41	8.08	7.80	3.98	3.54	5.62	5.30	3.85	3.83	8.87	5.98	5.14	4.80	7.80	7.57
SER	250	20.32	7.17	23.93	9.15	23.45	8.62	21.43	9.49	24.41	9.59	22.93	8.53	23.23	8.38	24.11	8.57
MET	251	7.10	5.29	25.82	10.33	3.33	5.08	27.94	13.67	4.26	5.36	21.33	13.24	6.48	5.28	25.88	10.64
MET	252	0.25	0.49	0.20	0.51	0.63	0.86	0.16	0.54	0.42	0.65	0.77	0.85	0.45	1.07	0.38	1.11
TYR	253	27.90	19.93	65.38	17.33	21.82	16.03	54.98	16.51	43.37	15.89	59.83	17.89	55.32	14.05	58.54	16.88
GLN	254	23.74	10.05	23.81	10.39	20.08	10.13	27.04	11.37	15.82	8.79	22.45	10.34	15.12	7.73	21.20	10.74
GLU	255	42.65	15.63	90.89	12.65	35.24	16.30	94.49	12.77	16.11	14.14	93.45	13.44	21.83	11.41	91.46	11.82
GLY	256	16.78	5.84	15.35	4.68	15.78	3.99	16.34	4.84	8.29	5.76	4.09	5.08	9.82	5.09	12.55	5.72
LYS	257	107.83	12.51	108.14	10.49	110.10	9.97	109.86	10.66	57.07	24.89	69.37	19.04	56.87	26.86	101.15	19.38
PHE	258	17.09	6.35	12.63	5.13	14.74	5.32	13.49	5.47	10.81	7.49	8.81	3.61	13.63	6.42	12.21	4.92
ARG	259	76.80	12.81	78.42	11.09	77.80	12.28	74.15	11.70	71.83	13.47	67.23	14.10	73.69	13.74	73.14	12.77
TYR	260	15.07	6.80	32.58	13.66	16.57	6.20	34.73	13.47	17.89	7.16	39.49	14.36	15.15	7.29	35.15	13.78
ARG	261	85.23	14.99	85.39	15.23	89.51	15.65	79.30	16.34	78.60	17.69	79.09	18.11	78.49	17.05	82.09	15.52
ARG	262	131.75	20.78	133.39	23.34	122.23	22.18	134.36	22.33	129.44	21.06	134.87	22.97	128.90	23.15	136.15	21.63
VAL	263	14.14	6.14	15.65	8.16	12.66	4.50	11.93	4.44	13.56	5.22	14.72	7.55	12.25	6.35	12.74	7.19
ALA	264	47.87	11.22	45.06	14.67	42.71	10.60	37.47	10.69	42.37	11.17	43.28	14.32	38.91	11.77	41.80	12.35
GLU	265	89.34	29.59	87.41	27.50	70.31	26.41	60.56	19.57	72.42	27.26	69.23	27.44	68.74	27.73	77.38	31.06
GLY	266	11.47	7.04	14.77	7.56	12.44	5.55	17.54	6.95	13.64	6.61	16.86	6.90	14.13	6.62	17.06	7.65
THR	267	2.94	3.53	1.91	2.26	1.56	2.31	0.78	1.22	1.67	2.45	2.37	3.84	1.33	2.36	3.24	4.80
GLN	268	24.83	9.58	50.35	15.30	24.90	11.05	53.99	15.00	26.45	11.10	51.87	14.61	25.76	11.78	54.33	14.98
VAL	269	0.46	0.77	0.88	1.16	0.73	1.02	0.41	0.96	0.39	0.75	1.19	1.81	0.44	0.84	1.04	1.59
LEU	270	0.03	0.13	13.72	5.76	0.02	0.11	16.31	6.31	0.05	0.21	15.02	5.99	0.11	0.30	14.63	5.89
GLU	271	4.80	2.50	10.46	3.92	5.29	2.67	8.01	4.89	4.67	3.28	10.30	5.44	4.03	2.76	11.15	3.94
LEU	272	2.84	2.08	3.29	1.94	2.77	2.03	3.78	2.01	2.33	2.23	2.22	1.92	1.60	2.23	3.59	1.97
PRO	273	44.68	8.13	35.66	6.53	42.58	7.85	37.16	8.26	30.59	11.36	34.06	8.33	41.78	7.87	33.56	7.49
PHE	274	1.97	1.23	0.18	0.28	4.41	2.16	0.26	0.43	5.61	2.44	0.20	0.30	3.26	1.82	0.39	0.70
LYS	275	100.34	11.32	108.11	12.92	100.30	11.39	88.27	17.63	61.60	13.61	69.79	15.30	65.54	19.75	88.80	21.04
GLY	276	21.37	9.83	12.22	5.30	18.82	14.32	13.76	7.72	15.52	7.14	6.49	4.60	7.70	7.32	2.27	3.22
ASP	277	89.53	13.07	79.63	6.74	75.88	12.82	78.81	9.19	64.56	13.23	30.62	15.58	47.55	15.90	45.91	17.08
ASP	278	41.03	10.32	8.51	4.43	46.48	13.47	24.10	11.75	14.26	8.20	14.01	8.35	20.50	8.10	11.89	10.61
ILE	279	1.29	1.56	0.66	0.81	4.96	3.51	4.49	4.35	11.59	4.10	1.58	1.88	2.99	3.08	1.69	2.01
THR	280	8.52	2.96	7.43	2.74	9.04	3.28	7.51	3.17	7.54	3.88	7.60	3.89	9.54	3.47	8.20	3.64
MET	281	1.37	1.01	0.19	0.53	2.19	1.80	0.09	0.37	2.73	1.97	0.88	1.42	1.92	1.61	0.36	0.86
VAL	282	0.76	1.17	1.45	1.52	0.89	1.02	0.39	0.88	0.67	1.11	1.35	1.98	0.61	0.89	0.89	1.77
LEU	283	0.48	0.73	4.93	4.31	0.68	1.07	7.02	5.22	0.76	1.10	6.35	4.57	1.16	1.67	6.09	4.71
ILE	284	1.08	1.51	1.16	1.34	0.89	1.30	1.71	2.49	1.12	1.64	2.03	2.45	1.09	1.70	2.28	3.00
LEU	285	0.40	0.78	50.67	13.96	7.05	3.98	54.36	13.84	2.45	3.51	50.41	14.50	3.06	4.66	52.87	14.46
PRO	286	4.33	2.06	10.43	6.15	5.23	3.08	11.29	5.70	4.00	2.09	12.19	5.72	4.82	2.40	9.72	5.68
LYS	287	85.82	14.37	93.24	15.56	84.16	14.66	96.06	14.22	86.26	14.36	93.44	13.40	91.25	12.47	95.90	16.12
PRO	288	71.41	7.52	88.03	15.86	78.61	11.17	88.82	20.21	75.21	8.87	95.02	13.71	74.57	8.44	85.67	15.87
GLU	289	135.05	14.52	117.40	17.38	115.69	16.15	116.70	18.85	130.11	18.69	115.20	18.12	136.03	13.06	114.45	20.05
LYS	290	73.01	26.53	94.85	22.76	66.85	20.58	90.77	29.08	65.99	20.62	81.56	26.65	69.20	23.16	88.51	24.60
SER	291	55.94	8.65	45.91	12.95	56.05	7.92	52.08	9.57	56.55	7.79	52.54	12.86	56.34	8.11	45.18	16.78
LEU	292	11.15	4.24	2.76	2.69	11.84	4.78	3.55	3.60	10.67	4.09	7.07	4.84	12.81	5.22	7.32	6.63
ALA	293	31.63	10.84	28.89	10.49	32.32	10.48	33.01	11.75	34.45	11.46	29.38	11.97	34.21	11.36	32.73	16.72
LYS	294	116.16	19.70	127.54	22.00	108.72	19.24	109.08	16.06	110.59	19.75	114.60	20.77	109.14	18.88	125.05	22.56
VAL	295	10.50	9.16	10.59	8.95	5.96	6.25	4.61	4.70	5.97	6.57	8.86	10.47	5.29	6.78	16.50	19.57
GLU	296	11.24	6.69	10.27	5.14	9.36	5.00	10.07	5.32	13.59	6.66	7.65	4.31	11.35	6.47	8.85	5.31
LYS	297	117.89	29.04	120.21	28.48	120.95	26.42	122.39	24.31	129.78	23.36	117.97	25.38	122.12	25.10	106.93	33.72
GLU	298	90.50	21.55	95.66	19.54	79.30	19.55	78.33	17.20	78.98	18.81	82.07	17.17	76.62	18.84	86.76	19.52
LEU	299	8.46	4.86	5.60	4.18	3.76	3.32	6.79	4.81	6.56	4.55	6.08	4.83	4.81	4.70	6.40	4.61
THR	300	56.23	7.31	53.00	7.63	54.45	8.34	58.14	7.99	55.45	6.89	54.87	8.47	53.16	16.86	51.77	7.57
PRO	301	26.19	7.90	23.76	7.38	24.68	8.26	25.03	12.08	23.56	10.49	20.40	10.78	29.00	16.76	23.39	11.91
GLU	302	97.75	16.51	101.68	15.60	86.58	23.34	95.38	16.82	85.02	16.33	81.59	16.64	79.90	26.20	105.51	17.83
VAL	303	47.62	11.96	47.19	10.92	50.36	12.92	46.51	13.82	46.05	12.37	49.76	15.23	44.89	17.55	41.13	9.98
LEU	304	6.33	4.72	9.15	3.78	7.88	3.69	4.53	3.73	5.36	4.25	10.26	6.35	4.46	3.91	7.72	5.98
GLN	305	52.87	24.21	62.39	20.88	54.60	21.00	46.76	19.05	54.83	21.39	43.52	18.50	48.75	21.67	48.97	18.37
GLU	306	96.10	17.04	105.56	10.26	101.51	14.33	84.13	17.13	95.89	14.34	96.88	16.47	94.51	14.43	91.74	20.11
TRP	307	26.00	11.02	26.34	10.57	23.26	10.02	20.30	9.59	21.28	11.72	26.39	10.86	29.48	23.40	29.08	15.88
LEU	308	5.59	4.78	9.90	4.99	7.39	4.28	3.42	4.04	4.90	4.99	9.21	6.43	3.71	3.99	6.61	6.65
ASP	309	62.62	22.58	78.73	12.46	74.44	19.47	47.94	19.55	71.32	18.10	61.37	26.06	70.74	21.95	54.06	18.83
GLU	310	82.37	13.45	84.12	12.19	84.85	12.75	88.36	15.53	95.00	16.37	83.50	12.08	91.11	14.99	82.16	13.73
LEU	311	0.39	0.88	0.77	1.52	0.37	0.92	0.62	1.02	1.25	1.83	0.99	1.81	0.81	1.40	0.69	1.31
GLU	312	106.00	14.03	105.24	11.67	104.56	12.51	115.45	14.77	101.63	14.62	101.43	16.68	103.61	15.83	108.91	17.46
GLU	313	82.00	9.33	82.31	8.63	82.56	8.93	81.94	10.37	80.29	11.22	69.20	19.57	75.82	13.41	78.79	14.52
MET	314	74.64	14.63	88.68	13.65	73.41	14.42	86.39	15.35	61.22	18.14	84.96	17.29	69.53	13.87	85.39	15.37
MET	315	82.70	28.02	103.53	16.36	78.00	19.68	103.80	15.90	28.91	27.06	105.76	18.80	29.97	19.94	101.95	14.90
LEU	316	0.42	1.03	34.16	7.86	0.49	1.15	39.32	8.57	0.11	0.46	39.59	11.59	0.20	0.67	36.04	8.49
VAL	317	7.95	6.07	61.50	12.49	7.78	6.55	65.99	13.56	11.08	6.46	65.22	12.40	15.71	6.19	66.80	13.21
VAL	318	0.21	0.51	4.66	2.98	0.25	0.51	5.22	3.49	0.28	0.50	4.43	3.46	0.39	1.07	5.11	3.34
HID	319	28.22	12.12	76.11	17.85	23.58	11.15	82.99	14.62	28.25	12.71	79.95	16.44	33.98	11.42	81.72	14.64
MET	320	0.56	1.05	6.14	4.15	1.06	1.52	4.36	3.90	1.95	2.11	6.45	4.03	1.49	1.79	5.47	4.19
PRO	321	0.86	1.79	15.65	6.64	0.75	1.81	15.70	6.92	0.44	1.02	12.18	6.40	1.30	2.30	13.90	6.38
ARG	322	47.69	21.78	81.58	9.10	85.01	9.03	76.10	13.50	84.95	9.35	84.21	9.73	82.44	12.47	82.57	9.96
PHE	323	5.01	3.05	2.01	3.34	7.08	4.54	2.01	3.74	10.89	5.51	7.28	4.87	8.34	5.29	2.33	3.38
ARG	324	113.24	15.00	104.12	16.96	118.58	18.96	103.42	20.17	106.04	16.92	118.71	20.70	121.67	17.75	108.33	17.91
ILE	325	7.44	3.07	5.52	5.46	11.34	6.84	10.24	6.66	14.02	6.41	10.74	6.51	12.11	6.90	9.16	7.38
GLU	326	64.03	13.05	74.79	15.61	58.44	15.94	78.49	16.82	62.53	13.29	71.47	16.28	65.08	15.41	72.04	19.33
ASP	327	43.94	27.56	19.29	8.00	45.92	26.17	19.85	11.76	74.76	24.95	25.20	15.25	47.83	27.07	29.46	10.58
GLY	328	4.85	2.94	4.00	2.83	4.36	3.01	4.51	2.95	3.71	2.26	4.36	2.71	4.46	2.77	4.54	3.13
PHE	329	33.34	19.70	24.47	6.88	54.93	34.35	24.35	9.10	34.39	10.74	23.34	8.37	30.91	10.92	26.31	9.02
SER	330	24.17	8.43	11.09	7.96	19.13	10.23	12.64	8.66	21.12	7.77	12.07	7.20	23.64	8.48	15.97	9.54
LEU	331	1.34	1.77	0.04	0.13	4.99	4.81	0.18	0.69	3.95	3.25	0.58	1.41	0.92	1.41	0.70	1.10
LYS	332	53.37	9.06	37.92	12.68	58.96	8.99	31.05	14.20	55.59	8.65	39.42	15.33	57.90	9.16	20.01	10.79
GLU	333	96.20	14.73	70.90	18.23	106.81	13.33	64.98	22.04	96.50	13.41	79.58	21.75	99.69	12.99	26.62	15.60
GLN	334	14.39	8.79	16.74	7.16	15.22	7.92	15.71	8.12	11.45	7.13	14.13	7.28	13.53	7.69	6.18	5.44
LEU	335	0.11	0.33	0.02	0.10	0.10	0.30	0.06	0.24	2.94	3.03	2.15	3.76	0.16	0.39	3.37	2.79
GLN	336	55.97	9.52	55.61	10.14	52.46	9.34	55.04	10.03	56.04	10.60	56.34	10.72	53.93	9.19	74.87	19.12
ASP	337	79.15	10.88	83.12	9.44	76.17	11.45	76.61	11.39	67.96	13.88	74.09	10.97	70.95	10.56	45.28	16.39
MET	338	9.67	5.46	8.09	3.44	9.93	4.90	10.18	5.67	12.05	5.27	9.39	4.75	8.60	4.16	12.39	6.57
GLY	339	24.07	2.78	23.46	2.85	23.88	2.97	23.43	3.12	25.00	3.39	23.24	3.83	23.81	2.76	27.45	3.30
LEU	340	0.03	0.11	0.03	0.09	0.05	0.18	0.02	0.07	0.74	0.97	1.01	1.88	0.13	0.33	13.33	8.75
VAL	341	65.88	7.87	68.66	8.30	66.54	8.14	68.59	8.03	63.84	7.17	69.07	8.65	66.04	7.99	67.53	11.51
ASP	342	14.25	7.59	17.94	8.17	13.75	7.13	17.23	7.77	14.08	7.67	18.41	9.32	13.54	6.81	36.56	13.82
LEU	343	0.83	1.41	0.06	0.19	0.71	1.11	0.11	0.41	8.15	5.36	1.02	2.17	2.41	2.26	4.76	3.24
PHE	344	3.60	3.40	5.05	3.95	3.44	3.21	5.63	4.07	3.34	3.17	6.36	4.53	3.30	3.39	15.72	9.47
SER	345	26.18	6.29	28.45	6.15	27.30	6.11	28.51	6.00	26.32	6.16	28.92	6.21	26.43	6.55	25.57	6.72
PRO	346	61.68	10.75	59.61	9.81	61.30	10.44	59.49	10.79	66.01	9.68	60.83	11.07	61.23	10.90	65.25	10.78
GLU	347	125.90	10.51	127.75	8.22	127.14	8.54	128.01	8.34	117.53	13.65	128.13	9.09	122.00	15.67	125.28	11.90
LYS	348	103.36	11.45	104.86	11.76	102.12	11.17	104.75	12.25	105.93	11.66	106.88	11.74	101.89	12.43	90.78	17.08
SER	349	0.39	0.64	0.10	0.25	0.20	0.41	0.18	0.38	0.36	0.52	0.19	0.37	0.24	0.46	0.12	0.28
LYS	350	69.47	16.80	71.42	12.16	60.80	13.65	75.70	14.77	83.42	14.51	69.89	12.90	47.71	17.20	72.99	22.40
LEU	351	0.77	1.18	0.33	0.88	0.60	0.77	0.42	0.85	2.18	2.01	0.86	1.20	2.25	1.86	0.90	1.10
PRO	352	35.88	14.19	28.52	10.90	25.34	11.83	29.54	13.61	45.62	8.40	35.76	13.61	13.42	10.47	37.53	12.03
GLY	353	4.93	3.12	9.17	8.83	0.04	0.19	0.81	1.92	3.94	2.68	6.69	6.58	1.62	2.01	0.13	0.32
ILE	354	2.52	2.80	1.85	2.29	2.22	2.13	2.02	2.22	2.97	2.65	3.39	2.78	4.20	3.05	1.98	1.97
VAL	355	7.92	6.33	8.48	6.31	3.72	3.84	5.67	5.12	6.13	4.67	5.02	4.64	5.89	5.67	3.19	3.73
ALA	356	39.58	7.31	27.62	8.57	26.75	9.15	24.96	8.02	39.91	6.66	35.82	10.05	19.46	10.50	29.30	9.54
GLU	357	108.38	32.01	131.47	23.52	114.18	33.15	116.18	26.74	118.69	11.34	103.98	23.41	66.42	29.57	103.47	29.51
GLY	358	25.87	12.89	25.23	9.37	33.10	11.81	25.19	12.61	10.57	9.69	30.78	10.28	19.25	14.40	31.84	9.07
ARG	359	127.78	46.51	110.80	25.98	104.77	27.03	96.14	26.70	85.85	22.46	89.44	18.78	114.21	28.77	73.56	22.75
ASP	360	80.94	24.32	63.46	19.56	70.00	26.43	81.80	27.27	111.29	13.64	73.25	21.51	57.28	31.41	97.63	22.28
ASP	361	62.62	14.12	59.73	13.95	61.58	14.10	60.10	13.70	43.98	15.17	64.31	9.76	55.13	14.91	67.31	17.26
LEU	362	7.27	4.99	5.13	5.78	3.67	3.57	5.27	5.05	21.55	12.89	4.82	4.91	5.31	4.26	6.91	5.49
TYR	363	42.50	9.63	45.11	7.89	45.49	8.77	40.18	8.80	37.65	10.63	41.99	11.58	44.01	8.68	37.22	9.42
VAL	364	4.52	5.28	0.02	0.11	2.48	3.20	0.05	0.18	5.69	3.83	0.27	0.67	6.01	3.77	4.56	3.75
SER	365	11.24	3.84	2.98	2.08	13.79	4.65	1.81	1.81	12.82	5.94	3.21	2.47	12.35	4.86	0.81	1.32
ASP	366	17.93	6.95	2.13	2.06	21.62	7.40	2.80	3.10	20.80	7.58	4.19	5.12	21.90	7.72	3.20	2.85
ALA	367	0.29	0.52	0.01	0.06	0.95	1.11	0.02	0.12	1.66	2.17	0.38	1.03	0.48	0.71	2.85	2.24
PHE	368	15.54	7.36	17.06	6.98	9.81	7.03	20.80	7.75	18.27	8.69	16.70	9.22	17.19	8.66	20.11	9.20
HID	369	1.53	2.85	0.02	0.07	1.80	2.13	0.17	0.70	0.36	0.65	0.11	0.22	0.42	0.93	0.12	0.25
LYS	370	24.14	8.32	44.32	11.46	21.33	7.27	47.34	12.02	19.59	7.48	42.16	12.52	21.62	6.99	44.61	13.13
ALA	371	0.17	0.64	0.01	0.06	0.06	0.28	0.02	0.09	0.09	0.31	0.05	0.15	0.06	0.21	0.02	0.07
PHE	372	26.56	10.19	13.47	9.27	25.42	11.52	12.65	9.26	14.45	9.29	13.23	8.88	25.91	11.30	13.13	8.42
LEU	373	1.09	1.13	0.55	0.89	2.17	2.17	0.36	0.49	2.92	2.40	1.33	1.80	1.95	1.65	0.69	1.09
GLU	374	32.70	9.14	37.90	12.62	38.36	13.38	36.13	14.15	38.30	11.97	31.91	12.75	38.77	13.83	34.18	12.63
VAL	375	5.76	1.76	0.21	0.71	6.97	3.10	0.09	0.35	7.21	3.58	2.88	4.11	5.60	2.90	0.29	0.85
ASN	376	12.94	8.06	42.08	10.94	28.02	8.70	42.45	14.29	25.69	10.52	36.57	10.39	25.52	8.93	39.66	10.60
GLU	377	4.73	3.33	17.18	8.73	5.46	4.55	21.74	12.72	5.40	4.70	12.92	7.22	11.52	11.72	24.75	13.52
GLU	378	61.82	27.52	92.27	13.01	31.14	15.97	86.33	16.44	28.80	15.44	104.91	18.82	51.94	30.75	89.87	11.35
GLY	379	0.64	0.91	1.90	1.40	2.29	2.13	2.20	1.42	3.52	3.72	1.49	1.28	1.78	1.44	1.91	1.34
SER	380	32.65	11.16	0.60	0.81	34.04	13.66	0.73	0.96	31.01	15.79	0.85	0.92	13.53	16.90	0.46	0.70
GLU	381	72.30	9.86	16.97	6.55	69.92	20.37	14.38	6.58	71.52	23.81	15.49	5.97	55.27	30.09	16.36	6.75
ALA	382	65.88	10.01	0.06	0.24	55.44	13.68	0.03	0.12	62.81	10.61	0.03	0.13	40.56	19.15	0.06	0.22
ALA	383	48.95	23.47	0.01	0.06	72.40	10.93	0.00	0.03	50.86	20.38	0.00	0.03	51.45	24.49	0.00	0.02
ALA	384	38.28	22.88	0.00	0.02	25.62	23.51	0.00	0.00	51.91	18.09	0.00	0.01	64.59	11.92	0.00	0.01
SER	385	61.31	23.56	0.00	0.02	56.48	22.01	0.00	0.02	42.00	27.86	0.01	0.05	23.12	24.55	0.00	0.04
THR	386	48.33	36.86	0.00	0.03	43.68	21.40	0.01	0.10	65.69	29.20	0.08	0.33	59.80	27.38	0.11	0.30
ALA	387	31.42	20.89	0.04	0.14	58.15	14.91	0.05	0.17	53.45	15.82	0.19	0.46	39.21	20.33	0.08	0.25
VAL	388	106.47	21.54	0.04	0.17	72.62	21.15	0.07	0.28	72.10	23.78	1.56	3.57	60.55	21.14	5.51	3.48
VAL	389	88.49	27.27	0.07	0.62	88.55	19.67	0.11	0.39	89.55	19.01	0.33	1.53	89.19	18.69	0.27	0.82
ILE	390	86.02	45.67	0.76	1.17	69.73	42.61	0.95	1.40	54.37	40.11	1.40	1.69	101.39	35.67	0.58	1.23
ALA	391	46.34	22.18	8.24	4.35	58.51	19.72	5.82	4.41	51.47	19.32	8.59	4.35	28.26	26.27	3.89	4.08
GLY	392	31.96	10.40	0.02	0.22	27.53	10.67	0.02	0.13	10.25	10.88	0.15	0.67	14.90	6.93	0.03	0.19
ARG	393	96.37	58.54	100.01	13.18	101.05	45.46	103.66	14.28	81.84	27.04	95.42	15.63	56.35	37.24	105.22	21.59
SER	394	56.75	18.62	25.82	8.86	49.16	24.47	28.94	10.02	10.69	12.04	25.65	9.80	9.54	19.67	28.18	7.71
LEU	395	107.26	46.27	54.53	18.41	121.69	26.07	59.94	24.74	101.42	19.72	64.18	22.79	104.47	33.56	62.49	24.99
ASN	396	76.00	20.97	104.59	18.96	61.61	22.23	107.40	12.79	38.07	24.28	98.61	23.77	46.51	22.17	96.72	29.64
PRO	397	81.00	30.60	42.64	23.69	81.91	27.17	47.09	27.97	96.05	10.32	44.34	18.59	95.16	6.52	52.01	25.21
ASN	398	113.81	11.25	107.37	11.02	115.54	11.55	103.43	13.87	106.99	11.17	113.19	12.61	102.20	17.38	106.60	12.66
ARG	399	66.21	32.51	109.34	37.09	69.22	22.60	111.74	32.76	28.69	18.30	126.46	33.98	54.79	18.93	97.47	19.83
VAL	400	56.79	13.84	92.01	15.02	55.32	14.23	94.59	16.45	47.73	12.86	93.55	17.94	55.21	13.05	90.86	14.25
THR	401	43.91	13.27	34.88	9.41	39.66	13.17	36.51	15.57	55.19	12.23	50.72	16.57	52.31	11.74	35.48	8.46
PHE	402	0.67	1.07	134.35	15.03	0.61	1.17	131.61	19.15	1.08	1.53	99.93	29.96	1.83	2.50	135.04	17.41
LYS	403	79.52	15.70	94.21	18.16	92.18	18.19	110.90	22.38	83.56	18.39	112.16	20.35	75.70	16.33	97.91	20.63
ALA	404	0.23	0.43	10.07	5.26	0.18	0.42	7.92	6.78	0.19	0.37	11.55	6.14	0.41	0.82	12.89	10.02
ASN	405	31.24	9.72	20.96	17.49	28.15	11.40	43.33	15.44	29.53	9.82	15.77	19.20	30.52	9.28	17.11	18.06
ARG	406	37.44	8.92	108.84	29.47	69.40	23.21	114.35	32.03	47.31	16.43	91.84	24.91	51.25	20.07	101.59	33.88
PRO	407	17.72	4.68	10.29	7.13	20.85	6.85	7.37	4.32	16.47	5.33	24.45	12.35	18.34	5.14	11.61	8.03
PHE	408	0.44	0.71	20.39	6.77	1.06	2.05	23.51	9.26	2.14	2.91	16.61	6.60	1.59	2.29	23.41	10.51
LEU	409	2.86	2.08	3.33	3.33	1.71	2.00	2.93	2.97	2.30	2.29	3.04	3.26	2.69	2.82	3.28	3.39
VAL	410	0.85	1.23	0.75	1.25	1.82	2.33	0.55	0.68	2.64	2.88	2.92	3.34	1.94	2.44	1.10	1.67
PHE	411	7.15	5.45	4.63	3.41	3.90	2.84	3.52	2.98	4.44	4.05	5.39	4.05	5.47	5.40	4.42	3.46
ILE	412	0.73	0.83	0.71	0.67	1.16	1.06	0.76	0.65	0.76	0.83	1.05	0.99	0.56	0.65	0.85	0.78
ARG	413	8.89	6.09	17.19	7.11	11.05	5.72	8.03	7.17	9.42	6.02	15.42	9.35	8.62	5.93	13.01	9.92
GLU	414	0.08	0.77	1.49	1.54	0.43	1.41	9.59	4.21	14.92	8.93	1.44	2.02	1.61	2.41	3.29	3.23
VAL	415	45.68	6.54	47.59	8.21	48.45	7.05	42.75	7.77	39.08	7.73	38.62	11.57	39.89	6.00	33.96	10.53
PRO	416	36.24	12.35	34.58	17.88	40.10	10.18	44.15	12.75	57.29	9.66	16.79	8.81	34.59	9.76	27.24	9.00
LEU	417	0.49	0.98	0.73	1.32	0.37	0.90	1.65	2.28	18.50	9.58	0.78	1.88	1.49	1.87	2.46	2.90
ASN	418	24.09	11.30	26.56	12.53	33.00	11.23	16.38	11.40	22.43	13.93	19.49	10.98	23.49	12.66	16.24	9.16
THR	419	0.84	1.47	1.87	1.41	0.55	0.85	0.57	1.03	1.61	1.95	2.72	2.39	1.01	1.39	1.27	1.40
ILE	420	6.00	4.05	6.27	3.42	7.51	3.86	2.83	3.12	4.34	4.17	6.55	3.97	3.54	3.96	4.28	3.67
ILE	421	9.31	4.74	0.60	0.76	3.06	2.60	0.49	0.86	5.52	3.60	0.68	0.92	5.20	3.80	0.48	0.73
PHE	422	1.95	2.20	0.18	0.27	0.76	0.77	0.21	0.29	0.56	0.65	0.20	0.31	0.40	0.59	0.25	0.34
MET	423	4.20	3.00	2.71	3.33	1.69	1.97	3.14	2.54	3.56	3.15	3.78	3.67	3.86	4.40	3.67	3.27
GLY	424	0.16	0.38	0.10	0.27	0.15	0.35	0.17	0.34	0.16	0.33	0.23	0.44	0.39	1.11	0.17	0.35
ARG	425	3.92	3.94	3.07	2.07	2.74	2.73	2.33	1.68	7.24	7.27	2.59	2.45	4.64	5.51	2.66	2.28
VAL	426	0.47	0.49	1.37	1.69	0.99	1.48	2.22	2.49	1.91	2.01	3.05	2.58	1.45	1.98	1.42	2.05
ALA	427	1.04	1.40	1.10	2.81	1.74	1.95	4.67	5.16	0.82	1.12	1.08	2.35	1.10	1.49	1.73	5.31
ASN	428	31.82	8.18	40.79	11.88	34.58	10.14	35.58	15.10	35.12	11.11	16.24	18.63	33.07	9.60	40.78	13.94
PRO	429	1.57	2.14	8.32	6.10	1.97	2.33	11.79	6.32	3.25	2.76	8.73	4.93	1.77	2.20	6.30	4.91
CYX	430	18.44	8.88	12.96	10.82	16.93	8.70	7.40	3.27	15.68	10.39	29.95	16.94	16.60	8.75	11.31	9.89
VAL	431	73.15	23.38	52.26	17.21	80.88	25.42	66.91	27.50	92.21	25.82	54.70	24.59	79.48	25.74	58.26	19.41
